74177
74178
74176
74160
74150
74170
71260
71250
71270
74177
73701
73700
73201
73200
70460
70450
70470
70487
70486
70491
70490
70481
70480
70482
72193
72192
72194
70486
76380
72126
72125
72132
72131
72129
72128
74176
75571
74175
74174
71275
70496
70498
75574
75572
77067
77065
77066
77063
G0279
74185
71555
73725
73225
70545
70544
70546
70548
70547
70549
72198
74185
73725
74171
74183
70551
70553
77047
77049
71550
71552
73718
73720
73721
73723
73218
73220
73221
73223
74183
72197
70540
70543
72195
72197
76377
72141
72156
72148
72158
72146
72157
70336
78315
78452
93015
93015
78803
78264
78227
78226
78215
78803
78472
78070
78708
78707
78803
78014
78018
78306
78608
70450
78816
78813
74177
71260
78816
78815
78812
71260
74177
74018
74019
74021
73050
73610
77072
71045
71046
71047
71048
73000
73080
70030
70150
73552
73140
73630
73090
73130
73650
73523
73502
73060
74400
73562
70110
70160
70200
77075
72170
71101
71111
71110
72220
71130
73010
73030
72202
70220
70260
70360
72040
72050
72052
72100
72110
72114
72120
72081
72082
72072
71120
73590
70330
73660
73110
76700
76705
93880
76857
76641
76642
76882
93306
93000
93925
93926
93970
93971
76536
76802
76805
76801
76817
76856
76604
76770
76775
76870
93351
76830
